
[Taulman 618]
g_code_matl=3B204D617962652073657420736F6D65206D6174657269616C2D737065636966696320472D636F64653F
fan_Z_mm=0.4
fan_loops_percent=0
fan_inside_percent=0
fan_cool_percent=100
temperature_C=260
keep_warm_C=200
first_layer_C=260
bed_C=70
sec_per_C_per_C=0.00192
flow_min_mm3_per_s=0.3
flow_max_mm3_per_s=16
destring_suck=6
destring_prime=6
destring_min_mm=1.5
destring_trigger_mm=5
destring_speed_mm_per_s=50
Z_lift_mm=0
min_layer_time_s=5
wipe_mm=10
cost_per_cm3=1.10767
flowrate_tweak=0.99
fiber_dia_mm=2.98
color=185270272
